**** Calibrating ****
mono pinhole calibration...
D = [-0.23751890570984993, 0.08452214195986749, -0.00035324203850054794, -0.0003762498910536819, 0.0]
K = [1230.1440959825889, 0.0, 978.8285075011214, 0.0, 1230.6304235898162, 605.7940335714893, 0.0, 0.0, 1.0]
R = [1.0, 0.0, 0.0, 0.0, 1.0, 0.0, 0.0, 0.0, 1.0]
P = [1060.7667306621374, 0.0, 981.9084026840044, 0.0, 0.0, 1159.9175090232534, 606.1729100950629, 0.0, 0.0, 0.0, 1.0, 0.0]
None
# oST version 5.0 parameters


[image]

width
1920

height
1200

[narrow_stereo]

camera matrix
1230.144096 0.000000 978.828508
0.000000 1230.630424 605.794034
0.000000 0.000000 1.000000

distortion
-0.237519 0.084522 -0.000353 -0.000376 0.000000

rectification
1.000000 0.000000 0.000000
0.000000 1.000000 0.000000
0.000000 0.000000 1.000000

projection
1060.766731 0.000000 981.908403 0.000000
0.000000 1159.917509 606.172910 0.000000
0.000000 0.000000 1.000000 0.000000