**** Calibrating ****
mono pinhole calibration...
D = [-0.24754745389508612, 0.09944435338953724, -3.455420573094537e-05, -0.00022029168609146265, 0.0]
K = [1210.2941870955246, 0.0, 951.3029561113208, 0.0, 1211.035575904068, 600.5637386855253, 0.0, 0.0, 1.0]
R = [1.0, 0.0, 0.0, 0.0, 1.0, 0.0, 0.0, 0.0, 1.0]
P = [1042.941578923699, 0.0, 948.9910317286675, 0.0, 0.0, 1136.9823670862872, 600.6610182272711, 0.0, 0.0, 0.0, 1.0, 0.0]
None
# oST version 5.0 parameters


[image]

width
1920

height
1200

[narrow_stereo]

camera matrix
1210.294187 0.000000 951.302956
0.000000 1211.035576 600.563739
0.000000 0.000000 1.000000

distortion
-0.247547 0.099444 -0.000035 -0.000220 0.000000

rectification
1.000000 0.000000 0.000000
0.000000 1.000000 0.000000
0.000000 0.000000 1.000000

projection
1042.941579 0.000000 948.991032 0.000000
0.000000 1136.982367 600.661018 0.000000
0.000000 0.000000 1.000000 0.000000