**** Calibrating ****
mono pinhole calibration...
D = [-0.24343640079788503, 0.09125282937288573, 5.21454371097206e-06, -2.2750254391060847e-05, 0.0]
K = [1216.836137433559, 0.0, 955.7290895142494, 0.0, 1216.0457208793944, 599.3150429290699, 0.0, 0.0, 1.0]
R = [1.0, 0.0, 0.0, 0.0, 1.0, 0.0, 0.0, 0.0, 1.0]
P = [1046.2719621718043, 0.0, 954.838848203849, 0.0, 0.0, 1143.0056282011747, 599.2973574785816, 0.0, 0.0, 0.0, 1.0, 0.0]
None
# oST version 5.0 parameters


[image]

width
1920

height
1200

[narrow_stereo]

camera matrix
1216.836137 0.000000 955.729090
0.000000 1216.045721 599.315043
0.000000 0.000000 1.000000

distortion
-0.243436 0.091253 0.000005 -0.000023 0.000000

rectification
1.000000 0.000000 0.000000
0.000000 1.000000 0.000000
0.000000 0.000000 1.000000

projection
1046.271962 0.000000 954.838848 0.000000
0.000000 1143.005628 599.297357 0.000000
0.000000 0.000000 1.000000 0.000000
