**** Calibrating ****
mono pinhole calibration...
D = [-0.2448506795091457, 0.08202383880344215, 0.0004294271518916802, -0.0012454354245869965, 0.0]
K = [1180.753803927752, 0.0, 934.8594468810093, 0.0, 1177.034929104844, 607.2669740236552, 0.0, 0.0, 1.0]
R = [1.0, 0.0, 0.0, 0.0, 1.0, 0.0, 0.0, 0.0, 1.0]
P = [995.519995797456, 0.0, 923.4562756312389, 0.0, 0.0, 1099.6556283728762, 608.8885739196182, 0.0, 0.0, 0.0, 1.0, 0.0]
None
# oST version 5.0 parameters


[image]

width
1920

height
1200

[narrow_stereo]

camera matrix
1180.753804 0.000000 934.859447
0.000000 1177.034929 607.266974
0.000000 0.000000 1.000000

distortion
-0.244851 0.082024 0.000429 -0.001245 0.000000

rectification
1.000000 0.000000 0.000000
0.000000 1.000000 0.000000
0.000000 0.000000 1.000000

projection
995.519996 0.000000 923.456276 0.000000
0.000000 1099.655628 608.888574 0.000000
0.000000 0.000000 1.000000 0.000000
