ZED Depth Camera Info
height: 720
width: 1280
distortion_model: "plumb_bob"
D: [0.0, 0.0, 0.0, 0.0, 0.0]
K: [527.5779418945312, 0.0, 616.2459716796875, 0.0, 527.5779418945312, 359.2155456542969, 0.0, 0.0, 1.0]
R: [1.0, 0.0, 0.0, 0.0, 1.0, 0.0, 0.0, 0.0, 1.0]
P: [527.5779418945312, 0.0, 616.2459716796875, 0.0, 0.0, 527.5779418945312, 359.2155456542969, 0.0, 0.0, 0.0, 1.0, 0.0]


ZED RGB Camera Info
height: 720
width: 1280
distortion_model: "plumb_bob"
D: [0.0, 0.0, 0.0, 0.0, 0.0]
K: [527.5779418945312, 0.0, 616.2459716796875, 0.0, 527.5779418945312, 359.2155456542969, 0.0, 0.0, 1.0]
R: [1.0, 0.0, 0.0, 0.0, 1.0, 0.0, 0.0, 0.0, 1.0]
P: [527.5779418945312, 0.0, 616.2459716796875, 0.0, 0.0, 527.5779418945312, 359.2155456542969, 0.0, 0.0, 0.0, 1.0, 0.0]


ZED RGB Raw Camera Info
height: 720
width: 1280
distortion_model: "plumb_bob"
D: [-0.03844130039215088, 0.00618878984823823, -0.003463020082563162, 0.00022754599922336638, -0.00023828500707168132]
K: [527.260009765625, 0.0, 606.4249877929688, 0.0, 526.8150024414062, 363.25250244140625, 0.0, 0.0, 1.0]
R: [1.0, 0.0, 0.0, 0.0, 1.0, 0.0, 0.0, 0.0, 1.0]
P: [527.260009765625, 0.0, 606.4249877929688, 0.0, 0.0, 526.8150024414062, 363.25250244140625, 0.0, 0.0, 0.0, 1.0, 0.0]


