center: [934.859447, 607.266974]
focal: [1180.753804, 1177.034929]
distort: [-0.2448506795091457, 0.08202383880344215, 0.0004294271518916802, -0.0012454354245869965, 0.0]
skew: 0.0
