center: [978.828508, 605.794034]
focal: [1230.144096, 1230.630424]
