center: [971.5122150421694, 601.7847095069886]
distort: [-0.2625420437513607, 0.1425651774165483, -0.0004946279626072071, -0.00033457504102070386,
  -0.042732740327368145]
focal: [1183.2337731693713, 1182.3831532373445]
skew: 0
