center: [934.859447, 607.266974]
focal: [1180.753804, 1177.034929]
