center: [955.729090, 599.315043]
focal: [1216.836137, 1216.045721]
distort: [-0.24343640079788503, 0.09125282937288573, 5.21454371097206e-06, -2.2750254391060847e-05, 0.0]
skew: 0.0