center: [953.302889408274, 608.1966398872765]
distort: [-0.2522996862206216, 0.12482113115174773, -0.0005993692936397102, -0.00017949453391219192,
  -0.03499498178003368]
focal: [1181.6177321982138, 1180.0783789769903]
skew: 0
