center: [956.2663906909728, 569.2039945552984]
distort: [-0.25040910859151444, 0.1109210921906881, -0.00041247665414900384, 0.0008205455176671751,
  -0.026395952816984845]
focal: [1162.3787554048329, 1162.855381183851]
skew: 0
