center: [966.4326452411585, 608.5803255934914]
distort: [-0.2701363254469883, 0.16439325523243875, -0.001607207824773341, -7.412467081891699e-05,
  -0.06199397580030171]
focal: [1176.2554468073797, 1175.1456876174707]
skew: 0
