cameras:
  back_left:
    D: [-0.2522996862206216, 0.12482113115174773, -0.0005993692936397102, -0.00017949453391219192,
      -0.03499498178003368]
    K: [[1181.6177321982138, 0.0, 953.302889408274], [0.0, 1180.0783789769903, 608.1966398872765],
      [0.0, 0.0, 1.0]]
    T_l2c: [[0.6847850928670114, 0.7280268943837436, 0.03234528777238468, 0.17880325315750822],
      [0.19803293816635603, -0.14318896257364072, -0.9696802959729997, -0.00709827567190402],
      [-0.7013218462220598, 0.6704280439025839, -0.2422269719924622, -1.2677840886549123],
      [0.0, 0.0, 0.0, 1.0]]
    T_l2v: [[1.0, 0.0, 0.0, 1.1], [0.0, 1.0, 0.0, 0.0], [0.0, 0.0, 1.0, 2.03], [0.0,
        0.0, 0.0, 1.0]]
  back_right:
    D: [-0.25040910859151444, 0.1109210921906881, -0.00041247665414900384, 0.0008205455176671751,
      -0.026395952816984845]
    K: [[1162.3787554048329, 0.0, 956.2663906909728], [0.0, 1162.855381183851, 569.2039945552984],
      [0.0, 0.0, 1.0]]
    T_l2c: [[-0.7359657309159464, 0.6768157805459534, -0.016578363047300274, -0.26405025731519305],
      [0.1598619141442639, 0.14993386619459945, -0.9756864271752845, -0.050075615562659825],
      [-0.6578743127098728, -0.7207220233709472, -0.21854325362408258, -1.215243265562286],
      [0.0, 0.0, 0.0, 1.0]]
    T_l2v: [[1.0, 0.0, 0.0, 1.1], [0.0, 1.0, 0.0, 0.0], [0.0, 0.0, 1.0, 2.03], [0.0,
        0.0, 0.0, 1.0]]
  front:
    D: [0, 0, 0, 0, 0]
    K: [[684.8333129882812, 0.0, 573.37109375], [0.0, 684.6096801757812, 363.700927734375],
      [0.0, 0.0, 1.0]]
    T_l2c: [[0.020064651878799866, -0.9997929081548386, -0.0033986097560439466, 0.018143199324486804],
      [-0.013111205776053955, 0.003135878549941185, -0.9999091271454708, -0.365411601947232],
      [0.9997127117467701, 0.02010738841847249, -0.013045570240818816, -0.7734450616622106],
      [0.0, 0.0, 0.0, 1.0]]
    T_l2v: [[1.0, 0.0, 0.0, 1.1], [0.0, 1.0, 0.0, 0.0], [0.0, 0.0, 1.0, 2.03], [0.0,
        0.0, 0.0, 1.0]]
  front_left:
    D: [-0.2625420437513607, 0.1425651774165483, -0.0004946279626072071, -0.00033457504102070386,
      -0.042732740327368145]
    K: [[1183.2337731693713, 0.0, 971.5122150421694], [0.0, 1182.3831532373445, 601.7847095069886],
      [0.0, 0.0, 1.0]]
    T_l2c: [[0.7229102844527424, -0.6904150547378917, 0.026977264941612063, 0.01257665857972412],
      [-0.13938889438297952, -0.18396833469067195, -0.9729986577348558, 0.0033662620482308725],
      [0.6767358840457229, 0.6996304053015528, -0.22922879230680993, -1.355203063833986],
      [0.0, 0.0, 0.0, 1.0]]
    T_l2v: [[1.0, 0.0, 0.0, 1.1], [0.0, 1.0, 0.0, 0.0], [0.0, 0.0, 1.0, 2.03], [0.0,
        0.0, 0.0, 1.0]]
  front_right:
    D: [-0.2701363254469883, 0.16439325523243875, -0.001607207824773341, -7.412467081891699e-05,
      -0.06199397580030171]
    K: [[1176.2554468073797, 0.0, 966.4326452411585], [0.0, 1175.1456876174707, 608.5803255934914],
      [0.0, 0.0, 1.0]]
    T_l2c: [[-0.7168464770690617, -0.6970911725372961, -0.013965152496600495, 0.019552675988915413],
      [-0.1004601820857898, 0.12308618950445345, -0.987298101775023, -0.1720739924899677],
      [0.6899557088168526, -0.7063382243117331, -0.15826380744561552, -1.1441700433020388],
      [0.0, 0.0, 0.0, 1.0]]
    T_l2v: [[1.0, 0.0, 0.0, 1.1], [0.0, 1.0, 0.0, 0.0], [0.0, 0.0, 1.0, 2.03], [0.0,
        0.0, 0.0, 1.0]]