center: [573.37109375, 363.700927734375]
focal: [684.8333129882812, 684.6096801757812]
