reference: rear_axle_center  # rear axle center
rotation: [[0.0810,-0.0025,0.9967],[-0.9967,-0.0013,0.0810],[0.0011,-1.0000,-0.0026]] # rotation matrix mapping z to forward, x to left, y to down, guesstimated
center_position: [0.9898,0.0072,1.5800] # meters, center of Zed camera, guesstimated
rgb_position: [0.9898,0.06,1.5] # meters, center of color (left) camera, guesstimated
rgb_calibration:
    fx: 527.1734008789062
    fy: 527.1734008789062
    cx: 616.2451782226562
    cy: 359.2149353027344
rgb_image: 
    width: 1280
    height: 720