center: [950, 600]
focal: [1210,1210]
distort: [-0.24754745389508612, 0.09944435338953724, -3.455420573094537e-05, -0.00022029168609146265, 0.0]
skew: 0.0
