center: [980, 605]
focal: [1230, 1230]
distort: [-0.23751890570984993, 0.08452214195986749, -0.00035324203850054794, -0.0003762498910536819, 0.0]
skew: 0.0
