header: 
  seq: 5987
  stamp: 
    secs: 1711133495
    nsecs: 165862168
  frame_id: "oak_rgb_camera_optical_frame"
height: 720
width: 1152
distortion_model: "rational_polynomial"
D: [0.908803403377533, 0.10777730494737625, -0.00011555181117728353, 0.00016320882423315197, 0.021386317908763885, 0.8666334748268127, 0.18107722699642181, 0.012254921719431877]
K: [684.8333129882812, 0.0, 573.37109375, 0.0, 684.6096801757812, 363.700927734375, 0.0, 0.0, 1.0]
R: [1.0, 0.0, 0.0, 0.0, 1.0, 0.0, 0.0, 0.0, 1.0]
P: [684.8333129882812, 0.0, 573.37109375, 0.0, 0.0, 684.6096801757812, 363.700927734375, 0.0, 0.0, 0.0, 1.0, 0.0]
binning_x: 0
binning_y: 0
roi: 
  x_offset: 0
  y_offset: 0
  height: 0
  width: 0
  do_rectify: False

