center: [955.729090, 599.315043]
focal: [1216.836137, 1216.045721]
