center: [951.302956, 600.563739]
focal: [1210.294187, 1211.035576]
